64 640
00000038 0000003a 00000040 2
00000038 0000003a 0000003e 5
00000035 0000003b 0000003d 0
00000034 0000003b 0000003f 1
00000034 0000003a 0000003b 1
00000034 0000003a 0000003b 5
00000033 0000003c 0000003e 7
00000033 00000034 0000003a 2
00000032 0000003b 0000003c 4
00000032 0000003b 0000003c 6
00000032 00000036 0000003e 4
00000031 0000003b 0000003c 6
00000030 0000003a 0000003b 2
00000030 00000034 0000003e 0
0000002e 00000035 0000003c 6
0000002e 0000002f 0000003e 3
0000002d 0000003a 0000003e 2
0000002d 00000038 0000003d 2
0000002d 00000031 00000040 5
0000002d 00000030 00000040 2
0000002d 00000030 00000039 4
0000002c 00000034 0000003e 7
0000002c 0000002f 00000036 2
0000002b 0000003b 0000003d 6
0000002b 00000034 00000038 7
0000002b 0000002e 00000033 2
0000002a 0000002b 0000003e 2
00000029 00000030 00000035 6
00000029 0000002e 0000003b 7
00000029 0000002e 0000003a 4
00000028 0000002f 0000003a 6
00000028 0000002b 0000003f 0
00000027 0000003c 0000003f 2
00000027 00000036 0000003d 7
00000027 00000035 00000036 6
00000027 0000002b 00000032 4
00000027 00000028 00000040 1
00000027 00000028 00000039 5
00000026 00000035 0000003f 4
00000026 0000002c 00000034 2
00000026 0000002a 00000036 5
00000026 00000029 00000037 1
00000026 00000028 00000031 3
00000025 00000039 0000003f 4
00000025 00000037 0000003c 3
00000025 00000032 0000003a 3
00000025 00000030 00000038 5
00000025 0000002e 0000003c 6
00000025 00000029 0000002e 4
00000024 0000003a 0000003f 2
00000024 00000036 0000003c 4
00000024 00000035 0000003e 3
00000024 00000032 00000035 7
00000024 00000031 0000003d 6
00000024 0000002c 00000030 5
00000024 0000002a 0000002f 0
00000024 00000027 0000002e 3
00000024 00000025 0000003c 4
00000023 0000002b 0000003b 5
00000023 0000002a 00000038 6
00000023 00000028 0000002b 3
00000023 00000025 00000036 7
00000023 00000024 0000003a 5
00000023 00000024 00000029 1
00000022 0000003c 0000003f 0
00000022 0000003a 00000040 0
00000022 00000039 0000003b 4
00000022 00000036 0000003c 6
00000022 00000034 00000037 0
00000022 00000031 00000038 3
00000022 00000030 0000003d 1
00000022 0000002f 0000003d 6
00000022 0000002c 0000002e 4
00000022 00000029 0000002d 5
00000021 0000003c 0000003f 7
00000021 00000034 0000003d 6
00000021 00000030 0000003c 5
00000021 00000030 00000034 4
00000021 00000028 0000002a 0
00000021 00000025 00000039 5
00000021 00000022 00000037 2
00000020 0000003b 0000003d 3
00000020 00000033 00000037 3
00000020 00000033 00000035 1
00000020 00000032 00000035 3
00000020 00000031 0000003f 2
00000020 00000031 0000003b 6
00000020 00000030 00000036 7
00000020 0000002f 00000036 2
00000020 0000002c 0000003f 2
00000020 00000029 00000038 0
0000001f 00000030 0000003b 0
0000001f 0000002f 00000035 3
0000001f 0000002e 00000040 0
0000001f 0000002b 0000002d 4
0000001f 0000002a 00000034 3
0000001e 0000003c 0000003d 1
0000001e 00000032 00000037 3
0000001e 00000032 00000037 5
0000001e 0000002f 0000003f 3
0000001e 0000002b 00000039 6
0000001e 0000002b 00000033 0
0000001e 0000002a 0000003a 5
0000001e 0000002a 00000032 1
0000001e 00000029 0000003d 7
0000001e 00000028 0000003c 5
0000001e 00000023 00000039 6
0000001d 00000038 0000003f 4
0000001d 00000031 00000036 5
0000001d 0000002f 0000003d 6
0000001d 0000002d 0000003b 0
0000001d 00000029 00000039 0
0000001d 00000028 0000002a 1
0000001d 00000027 00000029 5
0000001d 00000020 0000002e 4
0000001c 00000036 00000038 6
0000001c 00000032 0000003a 3
0000001c 0000002f 00000036 6
0000001c 00000027 0000003f 7
0000001c 00000025 0000002a 7
0000001c 00000022 00000027 6
0000001c 0000001f 00000040 3
0000001c 0000001d 00000034 4
0000001b 00000038 00000040 2
0000001b 00000038 0000003e 6
0000001b 00000032 00000038 5
0000001b 0000002f 0000003e 0
0000001b 0000002b 0000003a 0
0000001b 00000028 00000038 7
0000001b 00000020 00000030 4
0000001b 0000001d 0000003b 5
0000001a 0000002b 0000003e 5
0000001a 0000002a 00000034 2
0000001a 00000029 00000032 0
0000001a 00000020 00000040 4
0000001a 00000020 0000003d 4
0000001a 00000020 00000033 0
0000001a 00000020 00000026 0
0000001a 0000001d 0000002f 0
00000019 00000029 00000036 2
00000019 00000024 0000003f 1
00000019 00000024 00000031 5
00000019 00000023 0000003c 1
00000019 00000020 00000040 1
00000019 00000020 0000003e 2
00000019 0000001f 00000035 5
00000018 00000030 00000035 0
00000018 00000030 00000032 1
00000018 0000002a 0000003a 7
00000018 00000024 00000039 3
00000018 00000024 00000033 5
00000018 0000001f 00000034 0
00000018 0000001d 0000003e 0
00000018 0000001d 00000028 7
00000018 0000001c 00000030 4
00000018 0000001b 00000028 7
00000018 0000001a 00000040 6
00000017 00000037 0000003f 6
00000017 00000028 00000039 1
00000017 00000026 00000034 4
00000017 00000021 00000028 4
00000017 0000001c 00000037 3
00000017 00000019 00000039 5
00000017 00000018 00000028 5
00000016 00000039 0000003e 5
00000016 0000002c 0000002f 3
00000016 0000002b 00000036 5
00000016 0000002b 00000033 0
00000016 00000028 00000037 7
00000016 00000024 0000002a 1
00000016 00000023 00000030 7
00000016 00000023 0000002e 2
00000016 00000021 0000003f 2
00000016 00000021 00000031 1
00000016 00000020 00000024 2
00000016 00000020 00000023 2
00000016 0000001f 00000020 6
00000016 0000001e 00000031 7
00000016 0000001c 0000003d 7
00000016 0000001c 0000002e 0
00000015 00000032 00000038 3
00000015 0000002a 00000033 0
00000015 00000029 00000030 1
00000015 00000028 00000037 2
00000015 00000028 00000033 5
00000015 00000027 00000030 3
00000015 00000025 00000029 2
00000015 00000024 00000028 2
00000015 00000022 0000002c 1
00000015 00000022 00000028 1
00000015 00000020 0000002e 3
00000015 0000001d 00000038 2
00000015 00000018 00000038 2
00000015 00000018 00000036 7
00000015 00000018 00000026 1
00000015 00000017 00000022 4
00000014 00000034 0000003e 4
00000014 00000034 00000037 1
00000014 0000002e 0000003a 1
00000014 0000002e 00000036 7
00000014 0000002b 0000002f 1
00000014 00000026 00000033 1
00000014 00000025 00000032 3
00000014 00000024 00000031 4
00000014 00000020 00000035 4
00000014 0000001f 00000032 3
00000014 0000001e 0000003d 1
00000014 0000001c 00000023 7
00000014 0000001b 0000001d 3
00000014 00000018 00000032 5
00000014 00000017 0000001b 1
00000013 00000034 00000038 4
00000013 00000033 0000003a 6
00000013 00000032 0000003c 0
00000013 0000002e 0000003c 4
00000013 0000002d 0000003d 7
00000013 0000002b 0000002d 6
00000013 00000028 00000031 1
00000013 00000024 0000003e 7
00000013 00000022 00000034 4
00000013 00000022 00000033 6
00000013 0000001e 0000002a 7
00000013 0000001d 00000038 4
00000013 00000019 00000035 7
00000013 00000019 00000032 7
00000013 00000018 00000025 4
00000012 00000038 0000003e 1
00000012 00000030 00000033 5
00000012 0000002e 0000003a 6
00000012 0000002a 0000002f 6
00000012 00000029 0000002a 0
00000012 00000026 0000002c 2
00000012 00000024 00000038 4
00000012 00000023 0000003c 0
00000012 00000022 0000003d 4
00000012 00000022 00000035 0
00000012 00000022 00000035 2
00000012 0000001c 00000034 7
00000012 00000019 00000037 4
00000012 00000017 00000025 1
00000012 00000017 00000019 4
00000012 00000015 00000033 2
00000012 00000014 00000028 3
00000011 00000037 00000040 3
00000011 00000035 0000003e 7
00000011 0000002d 00000036 6
00000011 00000027 00000030 3
00000011 00000026 0000003a 1
00000011 00000026 00000039 5
00000011 00000023 0000003d 0
00000011 00000021 0000002e 4
00000011 00000021 00000024 0
00000011 0000001e 00000032 3
00000011 0000001e 00000023 5
00000011 0000001b 00000040 1
00000011 00000018 00000033 7
00000011 00000017 0000001e 3
00000011 00000016 00000029 7
00000011 00000015 00000023 4
00000011 00000014 0000002a 0
00000011 00000012 00000014 4
00000010 00000034 0000003a 2
00000010 00000024 0000002c 5
00000010 00000023 0000003c 3
00000010 00000023 0000002a 2
00000010 00000022 00000024 3
00000010 00000021 00000025 5
00000010 0000001f 00000031 5
00000010 0000001f 00000026 4
00000010 0000001e 0000003c 6
00000010 0000001d 0000002e 4
00000010 0000001c 00000040 0
00000010 0000001c 00000036 4
00000010 0000001b 00000037 4
00000010 0000001a 00000023 6
00000010 00000019 00000031 5
00000010 00000019 00000023 6
00000010 00000018 00000021 0
00000010 00000017 00000036 1
00000010 00000017 00000030 6
00000010 00000015 00000018 1
0000000f 0000002e 0000002f 4
0000000f 0000002b 00000030 4
0000000f 00000029 00000030 2
0000000f 00000026 00000037 4
0000000f 00000025 00000026 4
0000000f 00000023 00000039 6
0000000f 0000001f 0000003a 7
0000000f 0000001f 00000037 3
0000000f 0000001f 00000026 4
0000000f 0000001b 00000035 3
0000000f 00000017 00000029 2
0000000f 00000017 0000001c 0
0000000f 00000010 0000001d 0
0000000e 00000031 00000039 7
0000000e 0000002c 00000036 7
0000000e 00000026 00000037 0
0000000e 00000026 0000002a 4
0000000e 00000025 00000035 1
0000000e 00000022 0000002d 5
0000000e 00000022 00000028 2
0000000e 00000020 0000003c 1
0000000e 00000020 0000002d 7
0000000e 0000001f 00000038 3
0000000e 0000001f 00000021 7
0000000e 0000001b 0000003a 6
0000000e 0000001a 00000033 7
0000000e 00000016 00000022 6
0000000e 00000015 0000001d 0
0000000e 00000015 00000019 5
0000000e 00000013 0000003c 0
0000000e 00000013 00000034 2
0000000e 00000012 00000027 0
0000000e 00000010 00000014 7
0000000d 00000032 00000035 1
0000000d 0000002f 00000032 7
0000000d 0000002d 0000003b 1
0000000d 0000002b 0000003b 1
0000000d 0000002a 00000036 7
0000000d 00000026 0000002f 7
0000000d 00000024 00000039 2
0000000d 00000020 0000003f 7
0000000d 00000020 0000002d 2
0000000d 00000020 0000002b 7
0000000d 0000001c 0000001f 2
0000000d 0000001a 00000027 3
0000000d 00000019 0000002f 1
0000000d 00000019 00000028 4
0000000d 00000018 0000002a 3
0000000d 00000015 00000039 1
0000000d 00000015 00000031 0
0000000d 00000013 0000003c 6
0000000d 00000011 00000012 5
0000000d 00000010 00000033 4
0000000d 00000010 00000024 0
0000000d 0000000f 0000003f 2
0000000d 0000000f 00000011 2
0000000d 0000000e 00000014 4
0000000d 0000000e 00000010 0
0000000c 0000003f 00000040 3
0000000c 00000031 00000037 3
0000000c 00000030 00000037 2
0000000c 00000030 00000032 4
0000000c 0000002b 00000037 6
0000000c 00000026 0000003a 5
0000000c 00000026 0000002c 7
0000000c 00000023 00000032 0
0000000c 00000021 0000002b 6
0000000c 00000020 00000031 5
0000000c 0000001d 00000028 0
0000000c 0000001c 0000001e 0
0000000c 0000001a 0000003b 6
0000000c 0000001a 00000026 1
0000000c 0000001a 0000001f 0
0000000c 00000015 0000003b 0
0000000c 00000014 0000003d 7
0000000c 00000014 00000035 5
0000000c 00000014 0000001b 4
0000000c 00000011 00000017 7
0000000c 00000010 0000001e 7
0000000c 0000000f 0000003a 5
0000000c 0000000e 0000002f 7
0000000c 0000000d 00000018 6
0000000b 00000031 00000034 6
0000000b 00000030 0000003d 2
0000000b 0000002a 0000002f 4
0000000b 00000027 0000003c 0
0000000b 00000025 0000002c 6
0000000b 00000022 0000003c 6
0000000b 00000020 00000027 4
0000000b 0000001e 00000031 6
0000000b 0000001c 00000026 3
0000000b 00000019 0000002f 3
0000000b 00000017 0000002a 4
0000000b 00000012 00000037 5
0000000b 00000011 00000036 7
0000000b 0000000f 00000035 5
0000000b 0000000d 00000028 0
0000000b 0000000c 00000039 3
0000000b 0000000c 00000037 0
0000000b 0000000c 00000027 2
0000000b 0000000c 00000024 7
0000000b 0000000c 00000020 5
0000000b 0000000c 00000015 4
0000000a 0000003c 0000003e 1
0000000a 00000035 0000003d 1
0000000a 0000002d 00000034 5
0000000a 00000028 00000033 7
0000000a 00000028 0000002d 3
0000000a 00000025 00000033 7
0000000a 00000023 00000033 7
0000000a 00000022 0000003c 1
0000000a 00000020 00000033 1
0000000a 00000020 0000002e 1
0000000a 00000020 00000021 1
0000000a 0000001f 00000037 6
0000000a 0000001f 0000002b 6
0000000a 0000001d 00000021 2
0000000a 0000001b 00000020 7
0000000a 0000001a 00000036 6
0000000a 00000019 00000028 4
0000000a 00000019 00000021 3
0000000a 00000018 0000002c 1
0000000a 00000013 0000001e 7
0000000a 0000000c 00000025 1
0000000a 0000000c 00000025 5
00000009 0000003c 00000040 4
00000009 00000034 0000003c 5
00000009 00000034 00000036 1
00000009 00000028 00000032 2
00000009 00000021 00000022 4
00000009 00000020 0000003b 2
00000009 0000001e 0000003e 6
00000009 0000001b 0000002b 3
00000009 0000001b 0000002a 6
00000009 00000018 0000003a 3
00000009 00000018 00000034 0
00000009 00000018 0000002b 4
00000009 00000017 0000003d 2
00000009 00000013 00000014 4
00000009 00000012 00000023 7
00000009 00000011 00000028 2
00000009 0000000b 00000025 1
00000009 0000000a 00000036 4
00000009 0000000a 00000014 6
00000008 00000037 0000003d 4
00000008 00000030 00000033 7
00000008 00000030 00000032 2
00000008 0000002b 0000002f 3
00000008 00000028 00000031 6
00000008 00000027 0000002c 0
00000008 00000025 0000002a 3
00000008 0000001e 0000001f 3
00000008 0000001a 0000001c 7
00000008 00000012 00000027 2
00000008 00000011 0000002e 4
00000008 00000011 00000025 5
00000008 00000011 00000013 4
00000008 00000010 00000036 6
00000008 0000000f 0000003f 6
00000008 0000000d 0000001a 3
00000008 0000000b 00000036 1
00000008 0000000b 00000032 4
00000008 0000000a 0000000b 2
00000008 00000009 00000011 3
00000007 0000003a 0000003d 4
00000007 0000002f 0000003b 4
00000007 00000029 00000036 0
00000007 00000029 00000032 1
00000007 00000028 00000033 7
00000007 00000027 00000039 0
00000007 00000025 00000036 2
00000007 00000022 00000036 0
00000007 00000022 00000023 2
00000007 00000021 0000002c 4
00000007 0000001f 00000033 4
00000007 0000001c 00000022 4
00000007 0000001a 0000002c 1
00000007 0000001a 00000023 6
00000007 0000001a 00000020 4
00000007 00000018 0000003a 1
00000007 00000015 0000001e 0
00000007 00000015 00000019 2
00000007 00000013 0000003c 4
00000007 00000013 00000026 2
00000007 00000012 0000002e 3
00000007 00000010 00000030 0
00000007 0000000d 00000034 7
00000007 0000000d 00000017 6
00000007 0000000c 00000027 2
00000007 0000000c 00000025 1
00000007 0000000c 00000013 6
00000007 00000009 0000003b 1
00000007 00000009 00000037 1
00000006 0000002e 00000033 6
00000006 00000028 0000002f 5
00000006 00000027 0000002a 5
00000006 00000024 00000034 6
00000006 0000001f 00000026 0
00000006 0000001e 00000040 1
00000006 0000001b 00000039 7
00000006 0000001b 0000002e 5
00000006 0000001a 0000002a 6
00000006 00000019 00000029 2
00000006 00000018 0000003e 5
00000006 00000016 0000001b 1
00000006 00000015 0000003d 0
00000006 00000015 00000024 4
00000006 00000013 0000002e 4
00000006 00000010 0000003a 6
00000006 00000010 00000019 7
00000006 0000000f 00000029 5
00000006 0000000f 0000001f 7
00000006 0000000f 0000001d 4
00000006 0000000d 0000003e 3
00000006 0000000c 0000000e 3
00000006 0000000a 0000001d 3
00000006 0000000a 00000012 4
00000006 00000009 00000040 2
00000006 00000009 00000039 4
00000006 00000009 0000000a 5
00000005 00000038 0000003c 6
00000005 00000026 00000035 6
00000005 00000026 0000002c 7
00000005 00000026 0000002b 5
00000005 00000021 00000030 6
00000005 00000020 00000036 4
00000005 0000001e 00000030 6
00000005 00000019 00000032 6
00000005 00000017 0000002e 3
00000005 00000017 0000001b 0
00000005 00000016 00000038 7
00000005 00000014 0000002d 1
00000005 00000013 0000002c 0
00000005 00000013 0000002a 2
00000005 00000012 0000003b 7
00000005 00000012 00000018 0
00000005 00000011 00000037 1
00000005 0000000f 0000003c 4
00000005 0000000e 00000035 7
00000005 0000000e 0000002c 6
00000005 0000000e 00000015 0
00000005 0000000e 00000014 5
00000005 0000000c 00000035 4
00000005 0000000c 00000010 7
00000005 0000000a 0000003c 1
00000005 00000009 0000002c 3
00000005 00000008 00000011 6
00000004 0000002f 00000037 5
00000004 0000002d 00000035 1
00000004 0000002c 00000030 6
00000004 00000029 00000036 5
00000004 00000025 00000031 7
00000004 00000021 0000003b 4
00000004 00000020 00000027 4
00000004 0000001f 00000022 3
00000004 00000019 0000001b 5
00000004 00000018 0000001d 7
00000004 00000014 00000040 1
00000004 00000013 0000002f 4
00000004 00000012 00000027 1
00000004 00000011 00000034 4
00000004 00000011 0000002a 4
00000004 00000011 00000029 0
00000004 00000011 0000001f 4
00000004 0000000f 00000025 7
00000004 0000000e 0000003b 3
00000004 0000000d 00000019 4
00000004 0000000b 0000002b 3
00000004 0000000b 00000027 7
00000004 0000000b 0000001f 4
00000004 0000000a 00000023 1
00000004 00000009 00000029 1
00000004 00000009 00000013 1
00000004 00000007 00000015 7
00000003 00000037 0000003c 1
00000003 00000023 00000034 4
00000003 00000022 0000003f 0
00000003 0000001f 0000002e 4
00000003 0000001f 00000029 7
00000003 0000001e 0000003a 0
00000003 0000001e 00000028 7
00000003 0000001b 00000031 4
00000003 00000019 00000038 6
00000003 00000019 00000025 2
00000003 00000019 0000001a 5
00000003 00000018 0000002c 5
00000003 00000017 00000037 0
00000003 00000016 0000001e 0
00000003 00000013 00000032 7
00000003 00000013 0000002d 1
00000003 00000013 00000029 2
00000003 00000012 0000002d 0
00000003 00000010 0000002e 6
00000003 00000010 00000027 4
00000003 0000000f 00000021 4
00000003 0000000b 00000025 4
00000003 0000000b 0000001f 5
00000003 00000004 0000000e 5
00000003 00000004 00000005 7
00000002 00000038 0000003c 0
00000002 00000034 00000039 2
00000002 0000002e 0000003f 2
00000002 0000002a 00000038 5
00000002 0000002a 0000002d 6
00000002 00000028 00000031 5
00000002 00000024 0000003b 2
00000002 00000021 00000034 3
00000002 00000020 00000028 2
00000002 0000001f 00000024 1
00000002 0000001f 00000020 1
00000002 0000001c 0000003c 1
00000002 00000018 00000030 3
00000002 00000014 0000003c 7
00000002 00000013 00000029 0
00000002 00000012 0000003c 7
00000002 00000012 00000027 2
00000002 00000011 00000020 2
00000002 0000000f 0000003f 3
00000002 0000000f 00000018 5
00000002 0000000c 0000002f 1
00000002 0000000b 0000002d 3
00000002 0000000a 00000031 7
00000002 0000000a 00000022 7
00000002 0000000a 0000000d 5
00000002 00000009 00000039 6
00000002 00000009 00000011 5
00000002 00000008 00000030 3
00000002 00000008 00000018 7
00000001 00000038 00000040 2
00000001 00000037 0000003a 3
00000001 00000030 00000034 1
00000001 0000002e 0000003f 2
00000001 0000002c 00000030 5
00000001 00000024 00000029 2
00000001 00000022 0000003a 7
00000001 0000001b 00000020 3
00000001 0000001a 0000003c 5
00000001 0000001a 0000001b 7
00000001 00000019 00000040 6
00000001 00000019 00000038 3
00000001 00000014 00000036 1
00000001 00000014 0000001f 1
00000001 00000013 00000026 4
00000001 0000000f 00000039 5
00000001 0000000e 0000002f 5
00000001 0000000c 00000037 4
00000001 00000009 00000038 6
00000001 00000009 0000002e 0
00000001 00000009 0000001c 3
00000001 00000009 0000000f 2
00000001 00000009 0000000b 2
00000001 00000008 00000030 7
00000001 00000008 0000002c 6
00000001 00000007 0000003d 0
00000001 00000007 00000025 2
00000001 00000006 00000035 0
00000001 00000006 0000001c 1
00000001 00000003 00000033 6
00000001 00000003 00000027 1
