32 128
00000019 0000001c 0000001f 5
00000018 0000001c 00000020 6
00000018 0000001b 0000001f 3
00000018 0000001a 0000001d 2
00000016 0000001b 0000001c 3
00000014 0000001a 0000001e 5
00000014 00000018 00000020 6
00000014 00000016 0000001a 7
00000013 0000001a 0000001f 7
00000012 0000001a 0000001c 2
00000012 00000015 0000001a 3
00000012 00000015 00000017 1
00000012 00000014 00000017 0
00000012 00000013 0000001a 4
00000011 00000016 0000001d 0
00000010 00000017 00000020 3
00000010 00000014 00000018 2
00000010 00000013 00000016 7
0000000f 00000019 0000001f 6
0000000f 00000012 0000001b 2
0000000e 0000001d 00000020 5
0000000e 0000001a 0000001d 7
0000000e 00000018 0000001f 2
0000000e 00000013 00000019 5
0000000e 0000000f 0000001c 1
0000000d 00000016 0000001f 7
0000000d 0000000f 00000019 2
0000000c 0000001c 0000001e 4
0000000c 00000012 0000001f 5
0000000c 00000012 00000019 4
0000000c 00000010 00000012 5
0000000c 0000000e 00000014 7
0000000b 00000012 0000001d 5
0000000b 0000000d 0000001c 2
0000000b 0000000d 0000000f 6
0000000b 0000000c 00000016 7
0000000a 00000017 0000001f 2
0000000a 00000017 00000018 7
0000000a 00000011 0000001a 0
0000000a 00000011 00000013 3
0000000a 0000000e 00000015 4
0000000a 0000000c 0000000e 6
0000000a 0000000b 0000001a 6
00000009 00000010 0000001f 6
00000009 0000000f 0000001f 1
00000009 0000000d 00000013 7
00000009 0000000d 00000010 2
00000009 0000000c 00000013 3
00000008 0000001a 0000001f 3
00000008 0000001a 0000001f 1
00000008 00000017 0000001d 1
00000008 00000015 00000016 6
00000008 00000011 0000001e 5
00000008 0000000c 00000014 2
00000008 0000000c 0000000e 3
00000008 00000009 0000000e 6
00000007 00000018 00000020 7
00000007 00000018 0000001a 5
00000007 00000017 0000001c 2
00000007 00000015 0000001b 6
00000007 00000014 00000019 7
00000007 00000010 0000001e 0
00000007 0000000f 00000010 1
00000007 0000000d 00000013 7
00000007 0000000c 00000010 2
00000007 0000000b 00000018 4
00000007 0000000a 0000001f 4
00000007 00000009 0000000e 3
00000006 00000015 0000001d 0
00000006 00000012 00000018 3
00000006 0000000f 00000020 4
00000006 0000000e 00000020 2
00000006 0000000b 00000015 2
00000006 0000000a 0000001b 4
00000006 0000000a 0000000f 7
00000006 00000009 0000001d 5
00000006 00000007 0000001f 4
00000006 00000007 00000018 3
00000005 0000001b 0000001e 6
00000005 00000013 00000018 7
00000005 00000011 00000017 5
00000005 00000011 00000013 4
00000005 00000010 00000020 3
00000005 0000000d 00000020 7
00000005 0000000d 00000013 3
00000005 0000000c 00000012 4
00000005 0000000c 00000011 0
00000005 0000000c 00000010 4
00000005 0000000b 00000015 2
00000005 00000009 0000000e 3
00000005 00000006 00000014 6
00000004 0000001a 0000001e 6
00000004 0000000f 00000017 2
00000004 0000000c 00000015 7
00000004 0000000c 00000015 5
00000004 00000008 0000001e 4
00000004 00000008 0000001d 3
00000004 00000007 0000001c 3
00000004 00000007 00000013 0
00000004 00000006 0000001b 0
00000004 00000006 00000017 0
00000004 00000005 0000001a 1
00000003 00000017 0000001f 6
00000003 0000000f 0000001e 7
00000003 0000000d 00000012 4
00000003 0000000d 0000000f 1
00000003 0000000b 00000012 0
00000003 0000000a 0000001e 1
00000003 00000009 0000001d 6
00000003 00000007 0000001e 3
00000003 00000007 0000000c 0
00000003 00000005 00000019 5
00000002 0000001c 0000001d 5
00000002 00000019 0000001c 7
00000002 0000000e 0000001e 5
00000002 0000000d 00000014 6
00000002 00000004 00000005 0
00000002 00000003 0000000f 7
00000002 00000003 00000005 6
00000001 00000018 0000001a 3
00000001 00000015 00000017 6
00000001 00000012 00000016 7
00000001 00000011 00000019 0
00000001 00000007 00000019 0
00000001 00000006 00000013 7
00000001 00000006 00000010 2
00000001 00000004 0000001b 0
00000001 00000004 00000008 2
